1;AA;BB;123;123;1000;0;0
2;AA;BB;123;123;1000;0;0
3;AA;BB;123;123;1000;0;0
4;Lsdda;BB;123;123;1000;0;0
5;AA;BB;123;123;1000;0;0
6;AA;BB;123;123;1000;0;0
7;AA;BB;123;123;1000;0;0
8;AA;BB;123;123;1000;0;0
9;AA;BB;123;123;1000;0;0
10;AA;BB;123;123;1000;0;0
11;AA;BB;123;123;1000;0;0
12;AA;BB;123;123;1000;0;0
13;AA;BB;123;123;1000;0;0
14;AA;BB;123;123;1000;0;0
15;AA;BB;123;123;1000;0;0
16;AA;BB;123;123;1000;0;0
17;AA;BB;123;123;1000;0;0
18;AA;BB;123;123;1000;0;0
19;AA;BB;123;123;1000;0;0
20;AA;BB;123;123;1000;0;0
21;AA;BB;123;123;1000;0;0
22;AA;BB;123;123;1000;0;0
23;AA;BB;123;123;1000;0;0
24;AA;BB;123;123;1000;0;0
25;AA;BB;123;123;1000;0;0
26;AA;BB;123;123;1000;0;0
27;AA;BB;123;123;1000;0;0
28;AA;BB;123;123;1000;0;0
29;AA;BB;123;123;1000;0;0
30;AA;BB;123;123;1000;0;0
31;AA;BB;123;123;1000;0;0
32;AA;BB;123;123;1000;0;0
33;daddas;BB;123;123;1000;0;0
34;AA;BB;123;123;1000;0;0
